"Date","6 Month 2 Years Payer ATMF Implied BP Vol","6 Month 5 Years Payer ATMF Implied BP Vol","6 Month 10 Years Payer ATMF Implied BP Vol","6 Month 30 Years Payer ATMF Implied BP Vol"
09-Jan-18,2.80901,3.42225,3.64349,3.65092
10-Jan-18,2.83269,3.42225,3.67505,3.68248
11-Jan-18,2.78535,3.37492,3.62771,3.63514
12-Jan-18,2.75403,3.35127,3.61984,3.62727
16-Jan-18,2.70668,3.30394,3.58035,3.5878
17-Jan-18,2.69058,3.29598,3.57242,3.57989
18-Jan-18,2.6984,3.35907,3.63552,3.64301
19-Jan-18,2.73036,3.49336,3.79345,3.81665
22-Jan-18,2.73036,3.50914,3.85657,3.87977
23-Jan-18,2.73036,3.51703,3.85657,3.87188
24-Jan-18,2.76981,3.55648,3.94336,3.94683
25-Jan-18,2.73825,3.56437,3.95125,3.93895
26-Jan-18,2.83293,3.72217,4.08538,4.07308
29-Jan-18,2.88776,3.84009,4.1955,4.15965
30-Jan-18,2.90352,3.88742,4.2428,4.20696
31-Jan-18,2.92644,3.92667,4.25062,4.21481
01-Feb-18,2.97367,3.93459,4.27426,4.23846
02-Feb-18,2.9979,4.03747,4.40078,4.37276
05-Feb-18,3.01439,4.03776,4.40098,4.3729
06-Feb-18,3.10118,4.23502,4.61401,4.57409
07-Feb-18,3.06173,4.15611,4.53511,4.49519
08-Feb-18,3.17219,4.31392,4.69291,4.65299
09-Feb-18,3.29054,4.36915,4.74813,4.70822
12-Feb-18,3.29843,4.34547,4.71658,4.66088
13-Feb-18,3.25109,4.31392,4.67713,4.62143
14-Feb-18,3.40889,4.36915,4.65346,4.54253
15-Feb-18,3.42467,4.34547,4.57456,4.45574
16-Feb-18,3.30632,4.16401,4.39309,4.27427
20-Feb-18,3.25898,4.02198,4.25107,4.13225
21-Feb-18,3.25898,4.00621,4.19567,4.06892
22-Feb-18,3.25772,3.982,4.14793,4.02131
23-Feb-18,3.29843,4.05181,4.21853,4.1002
26-Feb-18,3.43349,4.08244,4.23218,4.0866
27-Feb-18,3.49307,4.13757,4.27152,4.11812
28-Feb-18,3.47006,4.14378,4.27776,4.11751
01-Mar-18,3.37733,4.19083,4.31734,4.15119
02-Mar-18,3.45623,4.27762,4.38835,4.21431
05-Mar-18,3.472,4.31707,4.4278,4.25376
06-Mar-18,3.48778,4.32496,4.41991,4.23009
07-Mar-18,3.52093,4.33285,4.4278,4.23798
08-Mar-18,3.47358,4.28551,4.37257,4.18275
09-Mar-18,3.48936,4.26184,4.29367,4.10385
12-Mar-18,3.44991,4.20661,4.23055,4.04073
13-Mar-18,3.31579,4.08043,4.10438,3.91449
14-Mar-18,3.38522,4.14197,4.16592,3.97604
15-Mar-18,3.41678,4.17347,4.19745,4.00758
16-Mar-18,3.44834,4.18925,4.21323,4.02336
19-Mar-18,3.44834,4.21291,4.24478,4.05492
20-Mar-18,3.41678,4.17359,4.2055,4.01549
21-Mar-18,3.28939,4.02297,4.0863,3.89658
22-Mar-18,3.3053,4.023,4.08621,3.89651
23-Mar-18,3.29746,4.01511,4.0783,3.88861
26-Mar-18,3.31106,4.02192,4.0852,3.89536
27-Mar-18,3.35208,4.05507,4.11839,3.92853
28-Mar-18,3.4152,4.11728,4.18116,3.98363
29-Mar-18,3.42842,4.12311,4.18574,3.98605
02-Apr-18,3.43414,4.13222,4.19561,3.99791
03-Apr-18,3.41047,4.06121,4.13248,3.92689
04-Apr-18,3.40889,4.017,4.08844,3.88276
05-Apr-18,3.40808,3.93774,4.00934,3.80377
06-Apr-18,3.43179,3.98535,4.04105,3.83538
09-Apr-18,3.386,3.9238,3.9795,3.77384
10-Apr-18,3.34184,3.89225,3.94795,3.74229
11-Apr-18,3.29212,3.82288,3.87845,3.67284
12-Apr-18,3.32368,3.85443,3.91,3.70443
13-Apr-18,3.31106,3.83552,3.89108,3.6855
16-Apr-18,3.24005,3.7724,3.8358,3.63025
17-Apr-18,3.12041,3.66954,3.73309,3.5355
18-Apr-18,3.12822,3.70107,3.76477,3.55922
19-Apr-18,3.16904,3.78054,3.85186,3.64618
20-Apr-18,3.18482,3.85155,3.92287,3.71719
23-Apr-18,3.18482,3.87522,3.97021,3.76453
24-Apr-18,3.12959,3.82788,3.9781,3.77242
25-Apr-18,3.20533,3.93518,4.07909,3.87976
26-Apr-18,3.11065,3.81683,4.00019,3.81664
27-Apr-18,3.01597,3.70637,3.92919,3.75352
30-Apr-18,2.94351,3.63326,3.87218,3.69692
01-May-18,2.95137,3.66631,3.91277,3.74494
02-May-18,2.91982,3.59531,3.84192,3.67413
03-May-18,2.90551,3.58802,3.8424,3.67445
04-May-18,2.89762,3.58013,3.83451,3.66656
07-May-18,2.89762,3.57224,3.82662,3.65884
08-May-18,2.91656,3.61643,3.8708,3.6904
09-May-18,2.92918,3.65114,3.88658,3.70618
10-May-18,2.885,3.60696,3.8424,3.662
11-May-18,2.885,3.58802,3.81399,3.6336
14-May-18,2.885,3.58013,3.79821,3.60993
15-May-18,2.95917,3.73636,3.95443,3.76615
16-May-18,2.99388,3.77107,3.99546,3.80718
17-May-18,2.9781,3.77107,3.99546,3.80718
18-May-18,2.96232,3.75529,3.97968,3.7914
21-May-18,3.02282,3.76174,3.9734,3.78508
22-May-18,3.06016,3.79309,3.98596,3.80398
23-May-18,3.07278,3.7773,3.95755,3.77558
24-May-18,3.08225,3.73317,3.91339,3.73143
25-May-18,3.13274,3.77736,3.94496,3.76299
29-May-18,3.61403,4.30916,4.29212,4.10226
30-May-18,3.56353,4.25236,4.20691,4.01705
31-May-18,3.65032,4.28392,4.19902,4.00916
01-Jun-18,3.52408,4.15768,4.10434,3.91448
04-Jun-18,3.38996,4.05511,4.00177,3.81191
05-Jun-18,3.38631,4.04931,3.99599,3.81313
06-Jun-18,3.44519,4.12612,4.07278,3.89081
07-Jun-18,3.49253,4.1419,4.10434,3.90659
08-Jun-18,3.63454,4.26814,4.19113,3.99338
11-Jun-18,3.57931,4.22869,4.15957,3.96182
12-Jun-18,3.49253,4.10245,4.06489,3.86714
13-Jun-18,3.33473,3.96389,3.95617,3.75201
14-Jun-18,3.25583,3.90092,3.94047,3.73626
15-Jun-18,3.26372,3.9009,3.94046,3.73626
18-Jun-18,3.24794,3.88492,3.92457,3.72044
19-Jun-18,3.31106,3.92414,3.94812,3.74406
20-Jun-18,3.37418,3.97019,3.95594,3.75223
21-Jun-18,3.35779,4.02562,4.01021,3.79657
22-Jun-18,3.35769,4.02562,4.01021,3.78868
25-Jun-18,3.46547,4.08371,4.0523,3.83182
26-Jun-18,3.44157,4.02853,3.97352,3.76869
27-Jun-18,3.5083,4.09771,4.05069,3.84662
28-Jun-18,3.50041,4.08172,4.04257,3.83857
29-Jun-18,3.53403,4.05889,4.01953,3.8154
02-Jul-18,3.49253,4.01881,3.97963,3.77558
03-Jul-18,3.51619,4.01087,3.97965,3.76769
05-Jul-18,3.51619,4.01086,4.01121,3.76769
06-Jul-18,3.50041,3.99507,3.97964,3.75191
09-Jul-18,3.50048,3.99517,3.97969,3.75193
10-Jul-18,3.51619,3.97936,3.96386,3.73613
11-Jul-18,3.51619,3.97933,3.96388,3.73614
12-Jul-18,3.46886,3.90042,3.8692,3.64147
13-Jul-18,3.48463,3.90042,3.8692,3.64147
16-Jul-18,3.42941,3.89253,3.8518,3.62409
17-Jul-18,3.37182,3.85439,3.81383,3.59249
18-Jul-18,3.35051,3.83261,3.84014,3.57047
19-Jul-18,3.39469,3.87048,3.83299,3.61465
20-Jul-18,3.41363,3.9336,3.9165,3.69671
23-Jul-18,3.44203,3.98094,3.99627,3.76614
24-Jul-18,3.39121,3.93795,3.9641,3.74193
25-Jul-18,3.39647,3.88522,3.91481,3.71658
26-Jul-18,3.43245,3.92509,3.94657,3.78092
27-Jul-18,3.39421,3.8919,3.93661,3.71743
30-Jul-18,3.36333,3.88521,3.93218,3.70048
31-Jul-18,3.34509,3.79723,3.85606,3.62036
01-Aug-18,3.32989,3.84562,3.93199,3.75449
02-Aug-18,3.28589,3.82852,3.91788,3.75719
03-Aug-18,3.32569,3.85526,3.92824,3.76979
06-Aug-18,3.33216,3.84291,3.91209,3.73237
07-Aug-18,3.33639,3.84447,3.90189,3.74134
08-Aug-18,3.32683,3.83653,3.89187,3.73042
09-Aug-18,3.32795,3.8161,3.86792,3.70761
10-Aug-18,3.45336,3.95107,3.98966,3.85263
13-Aug-18,3.47692,3.95792,3.9935,3.83354
14-Aug-18,3.41052,3.89049,3.93974,3.78169
15-Aug-18,3.52987,3.97291,4.00411,3.84533
16-Aug-18,3.53949,3.95782,3.96568,3.80258
17-Aug-18,3.56831,3.96971,3.97811,3.8048
20-Aug-18,3.62417,4.00857,3.98096,3.81606
21-Aug-18,3.62428,4.00045,3.96356,3.79795
22-Aug-18,3.63294,3.97876,3.91938,3.68012
23-Aug-18,3.66721,4.01092,3.90141,3.66275
24-Aug-18,3.61845,3.98023,3.87048,3.63201
27-Aug-18,3.63772,3.97008,3.84679,3.6194
28-Aug-18,3.64329,3.99532,3.8915,3.67451
29-Aug-18,3.54013,3.95039,3.86728,3.65626
30-Aug-18,3.61125,4.01437,3.89886,3.67699
31-Aug-18,3.64939,4.0103,3.86878,3.66561
04-Sep-18,3.57697,3.9673,3.89507,3.64852
05-Sep-18,3.53596,3.9081,3.85102,3.6
06-Sep-18,3.50191,3.91515,3.84816,3.60483
07-Sep-18,3.41773,3.86796,3.83675,3.59911
10-Sep-18,3.41773,3.86796,3.83675,3.59911
11-Sep-18,3.37301,3.86145,3.86702,3.63225
12-Sep-18,3.29448,3.78761,3.79497,3.53829
13-Sep-18,3.24116,3.76294,3.76244,3.52014
14-Sep-18,3.28571,3.81037,3.8321,3.58189
17-Sep-18,3.27495,3.7776,3.80032,3.5479
18-Sep-18,3.28757,3.81316,3.86116,3.63283
19-Sep-18,3.2435,3.80971,3.87926,3.6241
20-Sep-18,3.25931,3.8129,3.88812,3.63228
21-Sep-18,3.24914,3.76702,3.84977,3.58472
24-Sep-18,3.28551,3.79001,3.87575,3.6165
25-Sep-18,3.26593,3.79624,3.87753,3.63537
26-Sep-18,3.18707,3.72228,3.83238,3.54692
27-Sep-18,3.14417,3.66723,3.77265,3.49081
28-Sep-18,3.16237,3.65791,3.74886,3.50246
01-Oct-18,3.09358,3.66422,3.74596,3.49257
02-Oct-18,3.11314,3.68919,3.76153,3.50762
03-Oct-18,3.18228,3.83007,3.89918,3.74536
04-Oct-18,3.27125,3.93432,4.01356,3.84138
05-Oct-18,3.2025,3.90507,4.02617,3.87127
09-Oct-18,3.19278,3.8835,3.98527,3.82347
10-Oct-18,3.21672,3.94003,4.05008,3.94108
11-Oct-18,3.28475,3.95092,4.05302,3.94484
12-Oct-18,3.26865,3.93819,4.02627,3.90574
15-Oct-18,3.18864,3.86439,3.97392,3.85427
16-Oct-18,3.1251,3.81954,3.91488,3.79293
17-Oct-18,3.10815,3.77433,3.86057,3.74886
18-Oct-18,3.14806,3.82718,3.8934,3.77104
19-Oct-18,3.14385,3.79124,3.86727,3.74304
22-Oct-18,3.16767,3.81754,3.90146,3.78043
23-Oct-18,3.30787,3.8667,3.98657,3.83301
24-Oct-18,3.46668,4.01864,4.08281,3.89421
25-Oct-18,3.41203,3.93829,4.04362,3.85695
26-Oct-18,3.66401,4.18526,4.19657,3.98079
29-Oct-18,3.57494,4.1732,4.13635,3.90484
30-Oct-18,3.60859,4.20557,4.17809,3.93984
31-Oct-18,3.53673,4.17162,4.14573,3.90548
01-Nov-18,3.51916,4.18255,4.12019,3.89505
02-Nov-18,3.62658,4.25412,4.20497,4.01239
05-Nov-18,3.58357,4.15561,4.11181,3.91762
06-Nov-18,3.55745,4.17371,4.11401,3.91943
07-Nov-18,3.36915,3.98284,3.97905,3.80477
08-Nov-18,3.33047,3.98888,3.94867,3.7824
09-Nov-18,3.40626,3.97738,4.00252,3.83773
13-Nov-18,3.42326,4.01992,4.01029,3.84458
14-Nov-18,3.53664,4.0307,4.02772,3.87478
15-Nov-18,3.5562,4.05724,4.03512,3.81874
16-Nov-18,3.80789,4.22997,4.15252,3.92661
19-Nov-18,3.8687,4.27397,4.15598,3.92525
20-Nov-18,3.95938,4.34947,4.17575,3.93939
21-Nov-18,3.82758,4.22518,4.0958,3.8604
23-Nov-18,3.81008,4.21607,4.0785,3.83643
26-Nov-18,3.7558,4.14464,3.9945,3.74726
27-Nov-18,3.73275,4.13579,4.00124,3.74072
28-Nov-18,3.6663,4.10798,3.93266,3.6605
29-Nov-18,3.61497,4.08844,3.91393,3.65976
30-Nov-18,3.6146,4.06065,3.91629,3.67639
03-Dec-18,3.53494,3.98756,3.85027,3.61513
04-Dec-18,3.56446,4.02025,3.91428,3.72697
06-Dec-18,3.71439,4.13965,4.01768,3.84045
07-Dec-18,3.8069,4.23369,4.07093,3.88905
10-Dec-18,3.87544,4.27524,4.08897,3.90914
11-Dec-18,3.8653,4.18373,4.06031,3.84552
12-Dec-18,3.89272,4.17812,4.01077,3.7886
13-Dec-18,3.85942,4.0883,3.91537,3.69144
14-Dec-18,3.88909,4.06668,3.89453,3.66616
17-Dec-18,3.91153,4.09337,3.92156,3.69116
18-Dec-18,4.05263,4.20909,4.0512,3.78479
19-Dec-18,3.93454,4.16684,3.99429,3.73717
20-Dec-18,3.93067,4.18012,4.04687,3.78364
21-Dec-18,3.95191,4.25129,4.10462,3.8598
24-Dec-18,4.02667,4.32502,4.17837,3.89932
26-Dec-18,4.06781,4.33318,4.1172,3.81797
27-Dec-18,4.36968,4.55856,4.34822,4.05404
28-Dec-18,4.31143,4.48287,4.27464,3.98031
31-Dec-18,4.39973,4.47837,4.2584,4.01286
02-Jan-19,4.21979,4.33636,4.1319,3.9137
03-Jan-19,4.37137,4.44529,4.2196,3.98827
04-Jan-19,4.3151,4.41988,4.20764,3.96689
07-Jan-19,4.04267,4.24493,4.08674,3.81365
08-Jan-19,3.90654,4.20333,4.01642,3.73942
09-Jan-19,3.82229,4.09692,3.90605,3.62963
10-Jan-19,3.79659,4.06299,3.9034,3.61559
11-Jan-19,3.80703,4.03141,3.905,3.6165
14-Jan-19,3.83098,4.0216,3.87543,3.58779
15-Jan-19,3.84437,4.00331,3.83851,3.55049
16-Jan-19,3.83694,3.99518,3.82614,3.52343
17-Jan-19,3.87138,4.06065,3.87189,3.56933
18-Jan-19,3.81318,4.01231,3.79899,3.48842
22-Jan-19,3.88435,4.06701,3.86518,3.55695
23-Jan-19,3.8742,4.04719,3.83552,3.51247
24-Jan-19,3.85976,4.03524,3.80587,3.48744
25-Jan-19,3.81022,3.97378,3.76516,3.43938
28-Jan-19,3.81847,3.9723,3.75724,3.42759
29-Jan-19,3.80658,3.95344,3.73028,3.38119
30-Jan-19,3.58624,3.78947,3.65449,3.30427
31-Jan-19,3.63839,3.80007,3.63365,3.28771
01-Feb-19,3.44528,3.70209,3.58177,3.23045
04-Feb-19,3.3803,3.67373,3.57591,3.25792
05-Feb-19,3.34703,3.64748,3.57526,3.28166
06-Feb-19,3.32903,3.62545,3.56644,3.26526
07-Feb-19,3.38636,3.70723,3.6305,3.35672
08-Feb-19,3.41203,3.71575,3.62354,3.35075
11-Feb-19,3.37464,3.69459,3.61153,3.33894
12-Feb-19,3.34798,3.70437,3.6414,3.38768
13-Feb-19,3.32372,3.65817,3.58984,3.33174
14-Feb-19,3.2677,3.63853,3.5717,3.31423
15-Feb-19,3.21309,3.57934,3.51965,3.26253
19-Feb-19,3.18184,3.54378,3.48506,3.22779
20-Feb-19,3.15277,3.52266,3.47161,3.21462
21-Feb-19,3.13453,3.53327,3.48243,3.22654
22-Feb-19,3.18042,3.53534,3.48526,3.23854
25-Feb-19,3.10084,3.49918,3.47926,3.22316
26-Feb-19,3.09442,3.50965,3.48837,3.23202
27-Feb-19,3.10855,3.53304,3.52833,3.27159
28-Feb-19,3.05259,3.4925,3.51965,3.2672
01-Mar-19,3.12421,3.59721,3.56582,3.31559
04-Mar-19,3.10543,3.55793,3.54218,3.28509
05-Mar-19,3.12155,3.53818,3.52321,3.2671
06-Mar-19,3.08862,3.50614,3.50268,3.24436
07-Mar-19,3.15722,3.56304,3.49614,3.23964
08-Mar-19,3.14922,3.54467,3.49341,3.22056
11-Mar-19,3.07442,3.46564,3.43041,3.15713
12-Mar-19,3.10106,3.4034,3.37493,3.10162
13-Mar-19,3.11368,3.43254,3.39007,3.11872
14-Mar-19,3.10729,3.42412,3.37182,3.1138
15-Mar-19,3.10119,3.37479,3.33721,3.04184
18-Mar-19,3.10935,3.36414,3.31891,3.02331
19-Mar-19,3.09317,3.30371,3.2532,2.9507
20-Mar-19,2.98508,3.21447,3.22005,2.92338
21-Mar-19,3.00883,3.24938,3.22572,2.93375
22-Mar-19,3.30788,3.52916,3.46498,3.14627
25-Mar-19,3.52637,3.73472,3.68197,3.34512
26-Mar-19,3.56134,3.67989,3.60209,3.25827
27-Mar-19,3.91793,3.89625,3.80035,3.43259
28-Mar-19,3.78985,3.79814,3.69797,3.31957
29-Mar-19,3.7694,3.72331,3.59542,3.19576
01-Apr-19,3.6203,3.56152,3.46224,3.0807
02-Apr-19,3.61352,3.67698,3.53322,3.14882
03-Apr-19,3.62879,3.58947,3.46367,3.08471
04-Apr-19,3.6289,3.57057,3.43512,3.05539
05-Apr-19,3.51419,3.51352,3.37496,2.99899
08-Apr-19,3.45064,3.45875,3.3398,2.97236
09-Apr-19,3.50009,3.49922,3.37634,3.00991
10-Apr-19,3.54216,3.5347,3.40468,3.03932
11-Apr-19,3.42109,3.4721,3.35686,3.00565
12-Apr-19,3.46475,3.52756,3.41128,3.06754
15-Apr-19,3.37953,3.47896,3.36938,3.04186
16-Apr-19,3.36043,3.50024,3.38533,3.04963
17-Apr-19,3.39088,3.49675,3.3987,3.04928
18-Apr-19,3.47082,3.55657,3.44229,3.09284
22-Apr-19,3.50239,3.55927,3.46164,3.10583
23-Apr-19,3.50488,3.59548,3.49056,3.1265
24-Apr-19,3.56844,3.67729,3.55191,3.18743
25-Apr-19,3.54127,3.66461,3.535,3.17062
26-Apr-19,3.63079,3.70735,3.5101,3.13899
29-Apr-19,3.5042,3.57056,3.38268,3.01376
30-Apr-19,3.55997,3.59669,3.40172,3.00713
01-May-19,3.36288,3.5482,3.3267,2.92834
02-May-19,3.25949,3.47737,3.3198,2.92273
03-May-19,3.18989,3.46022,3.31276,2.91066
06-May-19,3.34291,3.58797,3.3865,2.95847
07-May-19,3.56666,3.78681,3.55845,3.13547
08-May-19,3.44988,3.66161,3.45689,3.03273
09-May-19,3.60957,3.76819,3.56262,3.13816
10-May-19,3.57519,3.70531,3.50774,3.06314
13-May-19,3.88417,3.92798,3.6777,3.22947
14-May-19,3.86343,3.90968,3.64364,3.19612
15-May-19,4.00903,3.98316,3.71289,3.24185
16-May-19,4.01572,3.99499,3.72309,3.2495
17-May-19,4.105,4.08205,3.80878,3.33465
20-May-19,4.10023,4.06025,3.78748,3.30921
21-May-19,4.01178,4.00749,3.75565,3.28392
22-May-19,3.93273,3.98665,3.72538,3.25772
23-May-19,4.18558,4.18121,3.89574,3.41017
24-May-19,4.16598,4.11497,3.8509,3.36472
28-May-19,4.38804,4.33246,4.05809,3.57207
29-May-19,4.47947,4.33692,4.05102,3.56525
30-May-19,4.34397,4.26443,4.00372,3.5366
31-May-19,4.74282,4.55654,4.28173,3.77991
03-Jun-19,5.00749,4.67401,4.30391,3.80001
04-Jun-19,5.02726,4.6015,4.21106,3.70697
05-Jun-19,5.16347,4.64908,4.26048,3.75716
06-Jun-19,4.93844,4.50236,4.12811,3.71694
07-Jun-19,4.82452,4.34228,3.96927,3.59922
10-Jun-19,4.65528,4.22323,3.86999,3.55097
11-Jun-19,4.56811,4.19886,3.8596,3.53788
12-Jun-19,4.74277,4.32757,3.92208,3.57891
13-Jun-19,5.18267,4.71972,4.13995,3.78585
14-Jun-19,5.32121,4.7698,4.21447,3.827
17-Jun-19,5.19071,4.73722,4.18625,3.80807
18-Jun-19,5.11518,4.75158,4.22802,3.88398
19-Jun-19,4.93759,4.48022,4.02507,3.70353
20-Jun-19,4.97822,4.49293,4.04063,3.71811
21-Jun-19,4.85835,4.45866,4.05425,3.73953
24-Jun-19,4.89774,4.52543,4.10695,3.78257
25-Jun-19,4.93282,4.60799,4.17688,3.86093
26-Jun-19,4.71746,4.47388,4.09503,3.78994
27-Jun-19,4.82615,4.52183,4.11738,3.81019
28-Jun-19,4.7419,4.55244,4.13726,3.82137
01-Jul-19,4.61488,4.34712,3.96289,3.66064
02-Jul-19,4.68195,4.40863,4.00374,3.70015
03-Jul-19,4.66838,4.4114,4.02805,3.72576
05-Jul-19,4.51607,4.27093,3.89756,3.59746
08-Jul-19,4.44104,4.25761,3.87886,3.58067
09-Jul-19,4.3889,4.23594,3.85601,3.55774
10-Jul-19,4.35455,4.2036,3.8381,3.52863
11-Jul-19,4.22631,4.21447,3.88893,3.59806
12-Jul-19,4.21885,4.23962,3.91292,3.61803
15-Jul-19,4.26114,4.29261,3.96558,3.66349
16-Jul-19,4.21929,4.24741,3.95086,3.63374
17-Jul-19,4.26789,4.27923,3.99831,3.67723
18-Jul-19,4.33921,4.3075,4.02742,3.70705
19-Jul-19,4.34103,4.27374,4.02046,3.69936
22-Jul-19,4.22908,4.20899,3.95503,3.62322
23-Jul-19,4.26024,4.2093,3.96275,3.63124
24-Jul-19,4.29481,4.23077,3.97272,3.64128
25-Jul-19,4.25795,4.18447,3.9166,3.57143
26-Jul-19,4.18815,4.11566,3.85024,3.50709
29-Jul-19,4.09276,4.02011,3.79773,3.453
30-Jul-19,4.09205,4.01547,3.78579,3.43269
31-Jul-19,3.95164,3.8867,3.69532,3.34892
01-Aug-19,4.45584,4.29179,4.0146,3.68323
02-Aug-19,4.55227,4.34476,4.06547,3.73606
05-Aug-19,5.17553,4.89209,4.45889,4.12234
06-Aug-19,4.9288,4.63477,4.24443,3.90953
07-Aug-19,4.90996,4.70898,4.43961,4.13762
08-Aug-19,4.90031,4.68461,4.40101,4.11931
09-Aug-19,4.74142,4.62186,4.42301,4.14379
12-Aug-19,4.80907,4.7395,4.53757,4.27274
13-Aug-19,4.67884,4.5719,4.41831,4.15814
14-Aug-19,4.85967,4.68554,4.56363,4.32905
15-Aug-19,5.14328,4.85784,4.731,4.58754
16-Aug-19,5.05301,4.8274,4.7164,4.60044
19-Aug-19,4.93145,4.67936,4.57998,4.49398
20-Aug-19,4.93709,4.68277,4.5891,4.50237
21-Aug-19,4.79166,4.58754,4.51214,4.42037
22-Aug-19,4.66304,4.48954,4.40736,4.31549
23-Aug-19,5.07689,4.74316,4.65423,4.56377
26-Aug-19,5.0673,4.7991,4.67622,4.61461
27-Aug-19,5.12342,4.85291,4.72844,4.68693
28-Aug-19,5.13367,4.87735,4.84263,4.89492
29-Aug-19,4.94314,4.7883,4.79073,4.85948
30-Aug-19,4.91552,4.85133,4.84443,4.88214
03-Sep-19,4.98932,4.80432,4.81114,4.82857
04-Sep-19,4.94716,4.7046,4.65144,4.54986
05-Sep-19,4.90087,4.62181,4.55193,4.44202
06-Sep-19,4.93703,4.65518,4.56604,4.45626
09-Sep-19,4.88989,4.63914,4.54757,4.46492
10-Sep-19,4.90018,4.68715,4.59599,4.52422
11-Sep-19,4.80308,4.66028,4.55698,4.49501
12-Sep-19,4.68373,4.55184,4.4416,4.38239
13-Sep-19,4.76035,4.72632,4.61199,4.5538
16-Sep-19,4.7544,4.75965,4.66137,4.60443
17-Sep-19,4.69692,4.68656,4.65586,4.60893
18-Sep-19,4.52131,4.52094,4.5012,4.43423
19-Sep-19,4.43024,4.46761,4.50346,4.43267
20-Sep-19,4.5066,4.53358,4.55954,4.49324
23-Sep-19,4.52434,4.55213,4.57656,4.51275
24-Sep-19,4.56684,4.60483,4.63415,4.56823
25-Sep-19,4.47216,4.5646,4.59427,4.52757
26-Sep-19,4.48705,4.58676,4.61313,4.54559
27-Sep-19,4.47243,4.56694,4.61185,4.54274
30-Sep-19,4.48097,4.55457,4.57912,4.52699
01-Oct-19,4.72144,4.72596,4.68087,4.60317
02-Oct-19,4.90065,4.79484,4.68371,4.5528
03-Oct-19,4.97349,4.76998,4.62998,4.44521
04-Oct-19,4.94853,4.73598,4.58117,4.35189
07-Oct-19,4.90733,4.72902,4.57433,4.34689
08-Oct-19,4.89609,4.73249,4.58129,4.3732
09-Oct-19,4.82774,4.71659,4.56663,4.3582
10-Oct-19,4.7443,4.70716,4.58487,4.38725
11-Oct-19,4.76612,4.78591,4.67569,4.46341
15-Oct-19,4.68956,4.74295,4.6414,4.41535
16-Oct-19,4.73379,4.73576,4.63918,4.41879
17-Oct-19,4.72087,4.72851,4.63197,4.38944
18-Oct-19,4.70898,4.71264,4.6033,4.36622
21-Oct-19,4.63559,4.64498,4.53267,4.26874
22-Oct-19,4.60569,4.6519,4.53073,4.26716
23-Oct-19,4.53516,4.51095,4.41474,4.16138
24-Oct-19,4.40428,4.42467,4.35393,4.10406
25-Oct-19,4.30338,4.35701,4.28356,4.04044
28-Oct-19,4.29381,4.34045,4.25964,4.00885
29-Oct-19,4.20036,4.31028,4.24507,3.99306
30-Oct-19,4.08585,4.15852,4.1581,3.91522
31-Oct-19,4.20561,4.25089,4.24672,4.0008
01-Nov-19,4.07257,4.09467,4.11169,3.87395
04-Nov-19,3.99032,4.09746,4.11518,3.90925
05-Nov-19,3.87277,4.13856,4.20157,4.0446
06-Nov-19,3.86586,4.14514,4.22988,4.07247
07-Nov-19,3.89359,4.24033,4.37677,4.21753
08-Nov-19,3.87691,4.20417,4.31543,4.19617
12-Nov-19,3.81495,4.18943,4.30064,4.17122
13-Nov-19,3.87116,4.19081,4.28444,4.15039
14-Nov-19,3.98635,4.20069,4.26041,4.13547
15-Nov-19,3.92112,4.10881,4.16029,3.97228
18-Nov-19,3.90111,4.11909,4.12864,3.94365
19-Nov-19,3.98842,4.18844,4.15962,3.96892
20-Nov-19,4.10784,4.26934,4.23316,4.04135
21-Nov-19,4.0089,4.25464,4.21731,4.02732
22-Nov-19,4.03251,4.29325,4.24832,4.05798
25-Nov-19,3.98776,4.27623,4.23823,4.0481
26-Nov-19,3.9849,4.27621,4.23776,4.04721
27-Nov-19,3.87352,4.20124,4.20852,4.01935
29-Nov-19,3.84868,4.16915,4.17757,3.98921
02-Dec-19,3.80634,4.19123,4.19012,4.01242
03-Dec-19,3.95463,4.29993,4.29266,4.11294
04-Dec-19,3.85047,4.26686,4.27721,4.0921
05-Dec-19,3.85751,4.30216,4.30697,4.11945
06-Dec-19,3.85361,4.34913,4.36585,4.17849
09-Dec-19,3.75018,4.31002,4.37016,4.18139
10-Dec-19,3.69059,4.20372,4.29748,4.10742
11-Dec-19,3.62657,4.15102,4.22835,4.02873
12-Dec-19,3.54584,4.16886,4.24683,4.04653
13-Dec-19,3.47445,4.00156,4.09949,3.90124
16-Dec-19,3.37964,3.94578,4.07328,3.88413
17-Dec-19,3.3386,3.9043,4.06074,3.8589
18-Dec-19,3.27169,3.88137,4.04167,3.8776
19-Dec-19,3.3201,3.90945,4.05076,3.88674
20-Dec-19,3.33483,3.9233,4.0372,3.86295
23-Dec-19,3.35999,3.95287,4.07869,3.89821
24-Dec-19,3.37437,3.99964,4.08622,3.90584
26-Dec-19,3.37675,4.01096,4.10165,3.90949
27-Dec-19,3.34792,3.96949,4.03541,3.86461
30-Dec-19,3.35529,3.98291,4.06478,3.86816
31-Dec-19,3.35435,3.96846,4.06605,3.89187
02-Jan-20,3.3325,3.96151,4.0537,3.8573
03-Jan-20,3.50954,4.0814,4.15405,3.95458
06-Jan-20,3.54039,4.08144,4.16156,3.96053
07-Jan-20,3.57742,4.12521,4.16513,3.98641
08-Jan-20,3.47586,4.06064,4.16166,3.98773
09-Jan-20,3.37258,3.98317,4.09188,3.91872
10-Jan-20,3.25821,3.83259,3.95206,3.79053
13-Jan-20,3.16905,3.77061,3.89141,3.73072
14-Jan-20,3.18711,3.78413,3.87641,3.73445
15-Jan-20,3.20391,3.78802,3.92277,3.78192
16-Jan-20,3.19266,3.75462,3.89,3.75492
17-Jan-20,3.18849,3.75147,3.91197,3.76829
21-Jan-20,3.23635,3.77449,3.93635,3.79416
22-Jan-20,3.23687,3.77076,3.91484,3.77298
23-Jan-20,3.36457,3.84934,3.9813,3.83175
24-Jan-20,3.44397,3.93475,4.06614,3.93176
27-Jan-20,3.6806,4.09009,4.21959,4.08293
28-Jan-20,3.52894,3.99641,4.12932,3.99471
29-Jan-20,3.62553,4.08865,4.19976,4.07839
30-Jan-20,3.7591,4.23374,4.31636,4.17799
31-Jan-20,3.88827,4.34601,4.4046,4.24892
03-Feb-20,3.96697,4.313,4.32559,4.16407
04-Feb-20,3.6675,4.12603,4.13843,3.96228
05-Feb-20,3.54437,4.02749,4.04795,3.87332
06-Feb-20,3.50627,3.93549,3.98234,3.81961
07-Feb-20,3.68347,4.13797,4.18039,4.01597
10-Feb-20,3.80574,4.20991,4.22987,4.06134
11-Feb-20,3.72813,4.15334,4.15961,3.97405
12-Feb-20,3.63259,4.06867,4.0887,3.91006
13-Feb-20,3.67423,4.06383,4.08777,3.91083
14-Feb-20,3.75078,4.09385,4.11533,3.95063
18-Feb-20,3.83161,4.13914,4.16138,3.99713
19-Feb-20,3.81589,4.09431,4.13386,3.96417
20-Feb-20,3.9463,4.16313,4.20798,4.06439
21-Feb-20,4.10256,4.29227,4.35492,4.29092
24-Feb-20,4.35549,4.52028,4.55703,4.52607
25-Feb-20,4.39739,4.55545,4.55059,4.50192
26-Feb-20,4.33843,4.51765,4.51286,4.46422
27-Feb-20,4.41533,4.68323,4.54279,4.48858
28-Feb-20,4.67461,4.95106,4.84354,4.78478
02-Mar-20,4.23857,4.61959,4.62724,4.57765
03-Mar-20,4.02737,4.53863,4.56605,4.51713
04-Mar-20,3.85411,4.34486,4.46111,4.46874
05-Mar-20,3.88491,4.54318,4.67989,4.68433
06-Mar-20,3.79284,4.7542,5.29799,5.56336
09-Mar-20,3.82285,5.32905,6.10171,6.82399
10-Mar-20,3.45337,4.7938,5.8458,6.38746
11-Mar-20,3.49036,5.13567,6.21142,6.75642
12-Mar-20,3.57117,5.75983,7.01836,7.70949
13-Mar-20,3.74554,5.46466,6.74893,7.40261
16-Mar-20,3.31307,4.85478,6.27122,6.96219
17-Mar-20,3.18929,4.60446,5.94569,6.54296
18-Mar-20,3.55142,5.29162,6.57833,7.26242
19-Mar-20,3.76569,5.73541,7.08772,7.91258
20-Mar-20,3.50334,5.5914,7.06684,7.89388
23-Mar-20,3.10177,5.28388,6.94334,7.75416
24-Mar-20,2.90764,4.84079,6.46902,7.19708
25-Mar-20,2.88713,4.5605,5.86026,6.47549
26-Mar-20,2.86051,4.45878,5.67395,6.17037
27-Mar-20,2.83469,4.41922,5.56413,5.97583
30-Mar-20,2.69622,4.34516,5.48795,5.90148
31-Mar-20,2.61108,4.19023,5.30522,5.72884
01-Apr-20,2.60152,4.04908,5.16855,5.63708
02-Apr-20,2.48087,3.88813,5.02276,5.47262
03-Apr-20,2.44091,3.65531,4.75964,5.20108
06-Apr-20,2.45658,3.52262,4.57719,5.0263
07-Apr-20,2.4953,3.62248,4.6773,5.14647
08-Apr-20,2.61665,3.71948,4.80242,5.30445
09-Apr-20,2.54833,3.67195,4.80364,5.31488
13-Apr-20,2.53906,3.66086,4.79077,5.31009
14-Apr-20,2.51358,3.54357,4.6704,5.17366
15-Apr-20,2.52852,3.61324,4.73825,5.23729
16-Apr-20,2.52028,3.64888,4.77356,5.28542
17-Apr-20,2.51143,3.6369,4.76597,5.28671
20-Apr-20,2.4457,3.52652,4.66568,5.1973
21-Apr-20,2.43187,3.56541,4.73511,5.31663
22-Apr-20,2.35248,3.47474,4.66035,5.23751
23-Apr-20,2.24066,3.3814,4.55302,5.16617
24-Apr-20,2.07237,3.23752,4.431,5.14862
27-Apr-20,1.85644,2.98063,4.17594,4.8945
28-Apr-20,1.8688,2.97994,4.16648,4.84523
29-Apr-20,1.89575,2.92176,4.07675,4.73939
30-Apr-20,1.8712,2.87247,3.99211,4.59995
01-May-20,1.87639,2.83712,3.89343,4.4644
04-May-20,1.88579,2.82903,3.8821,4.44296
05-May-20,1.89492,2.86251,3.89942,4.45685
06-May-20,1.95516,2.98439,4.0566,4.7119
07-May-20,2.13831,3.09774,4.16173,4.84345
08-May-20,2.52135,3.45098,4.37333,5.06831
11-May-20,2.4365,3.38781,4.31894,5.04195
12-May-20,2.42077,3.41009,4.34065,5.06216
13-May-20,2.3788,3.35046,4.29412,5.01608
14-May-20,2.37277,3.34229,4.29821,5.05304
15-May-20,2.35182,3.31681,4.27324,5.03792
18-May-20,2.32423,3.30364,4.27478,5.05845
19-May-20,2.31148,3.30457,4.27533,5.07278
20-May-20,2.3177,3.29552,4.26537,5.07627
21-May-20,2.25967,3.1844,4.14524,4.92372
22-May-20,2.20328,3.07989,4.04133,4.75177
26-May-20,2.1898,2.97157,3.9064,4.57347
27-May-20,2.19063,3.01494,3.98197,4.63288
28-May-20,2.1763,2.97119,3.96024,4.61247
29-May-20,2.1906,3.03584,4.02299,4.67183
01-Jun-20,2.17197,2.98111,4.00887,4.66814
02-Jun-20,2.17532,2.99188,4.08085,4.76193
03-Jun-20,2.13711,3.09675,4.21609,4.94519
04-Jun-20,2.17234,3.16952,4.28209,4.96206
05-Jun-20,2.18547,3.14961,4.28081,4.88154
08-Jun-20,2.17812,3.10877,4.22601,4.75228
09-Jun-20,2.16762,3.12138,4.25475,4.76928
10-Jun-20,2.0675,2.99199,4.12303,4.59596
11-Jun-20,1.97999,3.01138,4.18306,4.65346
12-Jun-20,1.93633,3.04645,4.24725,4.75388
15-Jun-20,1.93913,3.03623,4.27987,4.80027
16-Jun-20,1.93761,3.04561,4.34225,4.97591
17-Jun-20,1.93497,2.99998,4.29638,4.90465
18-Jun-20,1.89248,2.90645,4.21177,4.82111
19-Jun-20,1.87118,2.82779,4.14518,4.75996
22-Jun-20,1.83588,2.8187,4.13456,4.73817
23-Jun-20,1.78892,2.83493,4.15324,4.77282
24-Jun-20,1.78105,2.90533,4.2213,4.86972
25-Jun-20,1.80092,2.90443,4.21677,4.86168
26-Jun-20,1.80126,2.90204,4.21856,4.88269
29-Jun-20,1.80349,2.89662,4.21079,4.88078
30-Jun-20,1.81671,2.88477,4.17368,4.87582
01-Jul-20,1.77873,2.89022,4.18013,4.87924
02-Jul-20,1.73561,2.85551,4.12291,4.82436
06-Jul-20,1.72527,2.82494,4.08521,4.79282
07-Jul-20,1.66104,2.76622,4.04123,4.74
08-Jul-20,1.66437,2.77693,4.04769,4.73992
09-Jul-20,1.63103,2.74411,4.01397,4.7045
10-Jul-20,1.63329,2.75689,4.02713,4.75396
13-Jul-20,1.61547,2.70124,3.98001,4.71074
14-Jul-20,1.60215,2.70148,4.01203,4.75856
15-Jul-20,1.60445,2.66636,3.96283,4.69072
16-Jul-20,1.6047,2.68004,3.9726,4.69973
17-Jul-20,1.59834,2.67217,3.95853,4.7056
20-Jul-20,1.57826,2.67253,3.97114,4.72898
21-Jul-20,1.56279,2.65984,3.96921,4.74134
22-Jul-20,1.56243,2.66096,3.97051,4.76778
23-Jul-20,1.54084,2.60653,3.90091,4.59007
24-Jul-20,1.51335,2.53113,3.83203,4.50218
27-Jul-20,1.49799,2.50577,3.79091,4.43643
28-Jul-20,1.49032,2.48368,3.75152,4.35188
29-Jul-20,1.47965,2.49594,3.74938,4.35377
30-Jul-20,1.47089,2.46852,3.73551,4.38343
31-Jul-20,1.47332,2.51626,3.7841,4.45854
03-Aug-20,1.46764,2.48316,3.75128,4.42477
04-Aug-20,1.49611,2.56128,3.83157,4.53369
05-Aug-20,1.50785,2.53744,3.81408,4.54015
06-Aug-20,1.4985,2.51537,3.81772,4.5914
07-Aug-20,1.48695,2.50511,3.80823,4.5743
10-Aug-20,1.48441,2.47728,3.76627,4.53377
11-Aug-20,1.48543,2.58107,3.86483,4.69112
12-Aug-20,1.53753,2.62228,3.88475,4.7146
13-Aug-20,1.53592,2.6359,3.90437,4.74061
14-Aug-20,1.53521,2.57743,3.85514,4.70199
17-Aug-20,1.51692,2.5727,3.85304,4.68965
18-Aug-20,1.5072,2.55484,3.83283,4.67573
19-Aug-20,1.5282,2.59413,3.86555,4.72264
20-Aug-20,1.51846,2.55999,3.82694,4.71074
21-Aug-20,1.52387,2.59941,3.87438,4.7828
24-Aug-20,1.52675,2.59746,3.87764,4.79491
25-Aug-20,1.54181,2.68613,3.96212,4.88826
26-Aug-20,1.53821,2.77449,4.08458,5.02845
27-Aug-20,1.48234,2.80922,4.15323,5.12371
28-Aug-20,1.46287,2.74614,4.16303,5.16265
31-Aug-20,1.40824,2.66854,4.09337,5.08074
01-Sep-20,1.4281,2.63307,4.02702,4.99879
02-Sep-20,1.4314,2.62885,4.00973,4.93894
03-Sep-20,1.41962,2.70348,4.10313,5.02637
04-Sep-20,1.43164,2.73362,4.15928,5.06615
08-Sep-20,1.42518,2.76942,4.19525,5.11309
09-Sep-20,1.44688,2.73922,4.1783,5.11293
10-Sep-20,1.45362,2.74497,4.18922,5.13043
11-Sep-20,1.38937,2.66681,4.11161,5.03001
14-Sep-20,1.38633,2.67814,4.10656,5.02844
15-Sep-20,1.33475,2.60411,4.07558,4.99214
16-Sep-20,1.2638,2.49568,3.98443,4.89422
17-Sep-20,1.21165,2.36804,3.85368,4.71744
18-Sep-20,1.15003,2.28689,3.74896,4.60036
21-Sep-20,1.15431,2.3005,3.75961,4.61767
22-Sep-20,1.13781,2.28133,3.75252,4.63704
23-Sep-20,1.14704,2.26195,3.72497,4.60883
24-Sep-20,1.15453,2.25353,3.723,4.62432
25-Sep-20,1.15402,2.34475,3.80277,4.70798
28-Sep-20,1.16261,2.4106,3.87655,4.77815
29-Sep-20,1.18456,2.41967,3.8943,4.8065
30-Sep-20,1.18676,2.42614,3.95369,4.89957
01-Oct-20,1.18447,2.36313,3.92379,4.85583
02-Oct-20,1.2115,2.33537,3.90097,4.79775
05-Oct-20,1.26094,2.44544,4.01452,4.90853
06-Oct-20,1.23087,2.44814,4.01166,4.90138
07-Oct-20,1.26439,2.46623,4.02241,4.85696
08-Oct-20,1.29585,2.4699,3.95523,4.75182
09-Oct-20,1.30063,2.42669,3.91536,4.70664
13-Oct-20,1.27644,2.35009,3.78985,4.51826
14-Oct-20,1.26523,2.35965,3.7789,4.45769
15-Oct-20,1.25276,2.40505,3.77135,4.49063
16-Oct-20,1.25233,2.44107,3.82126,4.54164
19-Oct-20,1.24204,2.50001,3.86966,4.6456
20-Oct-20,1.23547,2.44834,3.83795,4.61206
21-Oct-20,1.23496,2.46002,3.82802,4.55458
22-Oct-20,1.23478,2.45712,3.81236,4.52319
23-Oct-20,1.24362,2.46643,3.82026,4.51044
26-Oct-20,1.23345,2.48793,3.80998,4.52834
27-Oct-20,1.2404,2.49637,3.86125,4.58657
28-Oct-20,1.26033,2.55028,3.89449,4.65271
29-Oct-20,1.27719,2.5991,4.02728,4.79845
30-Oct-20,1.25927,2.62224,4.06623,4.8352
02-Nov-20,1.23704,2.60031,4.03799,4.8064
03-Nov-20,1.22787,2.57327,4.03776,4.82264
04-Nov-20,1.13457,2.20463,3.63374,4.29976
05-Nov-20,1.1164,2.14035,3.58502,4.2574
06-Nov-20,1.09487,2.11264,3.55179,4.21693
09-Nov-20,1.14806,2.22949,3.65305,4.32041
10-Nov-20,1.13258,2.23159,3.66703,4.29955
12-Nov-20,1.10557,2.20511,3.59259,4.19791
13-Nov-20,1.13665,2.20975,3.55684,4.15431
16-Nov-20,1.11454,2.20419,3.52585,4.13107
17-Nov-20,1.12038,2.24827,3.51527,4.12803
18-Nov-20,1.09545,2.24161,3.5213,4.15601
19-Nov-20,1.10905,2.28626,3.57779,4.2514
20-Nov-20,1.10936,2.26003,3.57043,4.27235
23-Nov-20,1.1059,2.25334,3.57059,4.27202
24-Nov-20,1.08389,2.2425,3.55991,4.25704
25-Nov-20,1.09529,2.2945,3.61077,4.26088
27-Nov-20,1.09376,2.30774,3.62115,4.28659
30-Nov-20,1.07291,2.3293,3.62839,4.29435
01-Dec-20,1.10697,2.40913,3.71698,4.38622
02-Dec-20,1.10258,2.48233,3.79475,4.4381
03-Dec-20,1.09875,2.43739,3.7109,4.33805
04-Dec-20,1.1156,2.46805,3.76774,4.37331
07-Dec-20,1.09691,2.46872,3.76121,4.36924
08-Dec-20,1.02859,2.46135,3.71656,4.31349
09-Dec-20,1.03089,2.45369,3.7194,4.32808
10-Dec-20,1.03496,2.44801,3.70159,4.29134
11-Dec-20,1.13455,2.51629,3.7642,4.35672
14-Dec-20,1.13239,2.54393,3.76824,4.34899
15-Dec-20,1.13716,2.51711,3.74093,4.31926
16-Dec-20,1.1352,2.54049,3.76856,4.34515
17-Dec-20,1.09261,2.46119,3.69638,4.24466
18-Dec-20,1.0935,2.46795,3.71611,4.26551
21-Dec-20,1.09104,2.4627,3.71553,4.24984
22-Dec-20,1.08999,2.44974,3.6908,4.204
23-Dec-20,1.089,2.44794,3.6893,4.20298
24-Dec-20,1.08521,2.45288,3.68198,4.20126
28-Dec-20,1.09655,2.44383,3.70905,4.24117
29-Dec-20,1.10694,2.44936,3.75495,4.26796
30-Dec-20,1.10456,2.45978,3.81732,4.32732
31-Dec-20,1.10808,2.49252,3.89291,4.42027
04-Jan-21,1.088,2.46258,3.85006,4.36103
05-Jan-21,1.06873,2.44013,3.76291,4.261
06-Jan-21,1.12176,2.48114,3.7417,4.21895
07-Jan-21,1.18773,2.55143,3.76761,4.23525
08-Jan-21,1.27856,2.67748,3.80403,4.22509
11-Jan-21,1.35291,2.79463,3.87444,4.25558
12-Jan-21,1.39689,2.88592,3.92695,4.2511
13-Jan-21,1.23048,2.7063,3.82123,4.11441
14-Jan-21,1.23123,2.71761,3.87461,4.2244
15-Jan-21,1.21437,2.67543,3.83176,4.16967
19-Jan-21,1.16984,2.62535,3.78278,4.1163
20-Jan-21,1.10768,2.5618,3.73294,4.06484
21-Jan-21,1.13424,2.64389,3.83701,4.18508
22-Jan-21,1.11682,2.58143,3.81709,4.1856
25-Jan-21,1.10244,2.57386,3.80493,4.18345
26-Jan-21,1.06237,2.50614,3.75117,4.13003
27-Jan-21,1.07112,2.52432,3.8009,4.20024
28-Jan-21,1.12767,2.55612,3.86146,4.26413
29-Jan-21,1.16003,2.62651,3.95167,4.36023
01-Feb-21,1.11979,2.58763,3.93065,4.31522
02-Feb-21,1.12617,2.61213,3.93992,4.32482
03-Feb-21,1.14634,2.66771,3.98676,4.33598
04-Feb-21,1.20108,2.7318,4.03907,4.37784
05-Feb-21,1.19199,2.75288,4.05476,4.39118
08-Feb-21,1.20291,2.78244,4.09518,4.42472
09-Feb-21,1.18645,2.75872,4.06315,4.39214
10-Feb-21,1.15197,2.73144,4.05346,4.38945
11-Feb-21,1.14265,2.74365,4.09118,4.48329
12-Feb-21,1.17748,2.80397,4.13665,4.54655
16-Feb-21,1.37143,3.16574,4.46525,4.90697
17-Feb-21,1.3164,3.22133,4.44835,4.80776
18-Feb-21,1.27381,3.19343,4.37643,4.69559
19-Feb-21,1.33347,3.37851,4.53054,4.79834
22-Feb-21,1.41426,3.56107,4.62934,4.87283
23-Feb-21,1.37719,3.54283,4.5463,4.77802
24-Feb-21,1.48675,3.65213,4.63489,4.83298
25-Feb-21,1.98392,4.30118,5.00427,5.13269
26-Feb-21,2.16549,4.40398,4.96642,5.04296
01-Mar-21,1.95653,4.07699,4.65419,4.6088
02-Mar-21,1.63473,3.69188,4.37079,4.3488
03-Mar-21,1.78287,3.97965,4.6264,4.60464
04-Mar-21,1.97297,4.16373,4.77432,4.69695
05-Mar-21,2.15592,4.44082,4.93072,4.77411
08-Mar-21,2.16944,4.57987,5.03782,4.73537
09-Mar-21,2.15922,4.46243,4.97127,4.69138
10-Mar-21,2.07095,4.29542,4.85799,4.54681
11-Mar-21,2.00638,4.23497,4.86336,4.58529
12-Mar-21,2.08628,4.50516,5.1169,4.83638
15-Mar-21,1.98453,4.43385,5.05053,4.78749
16-Mar-21,1.92292,4.29559,4.97402,4.7458
17-Mar-21,1.76067,4.1525,4.95199,4.7409
18-Mar-21,1.83953,4.38688,5.20683,4.9786
19-Mar-21,1.84569,4.42174,5.22708,5.00673
22-Mar-21,1.8288,4.33423,5.10897,4.88946
23-Mar-21,1.7727,4.10589,4.85092,4.64514
24-Mar-21,1.78356,4.10675,4.84966,4.67799
25-Mar-21,1.78954,4.0931,4.82789,4.69182
26-Mar-21,1.81179,4.0965,4.85131,4.80965
29-Mar-21,1.86611,4.18489,4.92969,4.9578
30-Mar-21,1.94861,4.28448,4.99507,5.00655
31-Mar-21,2.163,4.55744,5.14255,5.07949
01-Apr-21,2.09436,4.42651,5.04422,4.97158
02-Apr-21,2.17544,4.47198,5.01061,4.93833
05-Apr-21,2.17326,4.48004,4.9817,4.84341
06-Apr-21,2.1453,4.39362,4.91382,4.79288
07-Apr-21,2.12889,4.44808,4.99256,4.89797
08-Apr-21,1.98961,4.37304,4.97455,4.89418
09-Apr-21,2.01885,4.44947,5.03517,4.98726
12-Apr-21,2.01727,4.42563,5.04605,4.99009
13-Apr-21,1.99943,4.40339,5.01216,4.92281
14-Apr-21,2.03126,4.42313,5.03008,4.94595
15-Apr-21,1.97069,4.3906,5.01445,4.92655
16-Apr-21,1.85149,4.34862,5.05245,5.01158
19-Apr-21,1.81408,4.32216,5.02899,4.99077
20-Apr-21,1.73363,4.29234,5.00888,4.95658
21-Apr-21,1.71759,4.18705,4.87733,4.82381
22-Apr-21,1.68844,4.15098,4.84286,4.78951
23-Apr-21,1.68565,4.12398,4.81749,4.77262
26-Apr-21,1.70322,4.09193,4.78677,4.74379
27-Apr-21,1.71262,4.09278,4.77907,4.73532
28-Apr-21,1.74402,4.12709,4.77235,4.72757
29-Apr-21,1.76021,4.12746,4.75882,4.66673
30-Apr-21,1.7658,4.13445,4.75542,4.66932
03-May-21,1.77214,4.12058,4.742,4.64652
04-May-21,1.78614,4.11622,4.75977,4.66545
05-May-21,1.80137,4.13545,4.77557,4.67994
06-May-21,1.83291,4.16172,4.82391,4.70869
07-May-21,1.72523,4.00994,4.73314,4.63102
10-May-21,1.72143,3.99838,4.71091,4.61475
11-May-21,1.75427,4.07926,4.80555,4.73132
12-May-21,1.88296,4.2734,4.87879,4.80444
13-May-21,1.81654,4.20013,4.8331,4.75672
14-May-21,1.78701,4.14165,4.79004,4.71366
17-May-21,1.82954,4.13156,4.78014,4.70633
18-May-21,1.83546,4.12124,4.75928,4.68437
19-May-21,1.92196,4.23195,4.81707,4.73704
20-May-21,1.90877,4.15155,4.76392,4.68253
21-May-21,1.93808,4.16622,4.76114,4.67939
24-May-21,1.94233,4.11465,4.7086,4.62828
25-May-21,1.89297,4.03215,4.6241,4.52648
26-May-21,1.84923,4.00126,4.58212,4.47861
27-May-21,1.86999,4.02936,4.60976,4.50106
28-May-21,1.84527,3.9786,4.52946,4.4214
01-Jun-21,1.81478,3.9365,4.48867,4.38279
02-Jun-21,1.74671,3.90698,4.45085,4.32586
03-Jun-21,1.81545,4.00397,4.496,4.36396
04-Jun-21,1.73326,3.837,4.34263,4.21892
07-Jun-21,1.70926,3.75991,4.26406,4.15919
08-Jun-21,1.67475,3.75065,4.26469,4.19287
09-Jun-21,1.67112,3.80256,4.36941,4.35377
10-Jun-21,1.65149,3.66651,4.32313,4.33026
11-Jun-21,1.65819,3.68325,4.43418,4.45834
14-Jun-21,1.68528,3.72249,4.47732,4.48401
15-Jun-21,1.65069,3.70262,4.44037,4.43975
16-Jun-21,1.969,3.97116,4.57995,4.54832
17-Jun-21,2.1293,4.00195,4.58379,4.57109
18-Jun-21,2.49884,4.22385,4.7095,4.75254
21-Jun-21,2.54517,4.23546,4.69366,4.72969
22-Jun-21,2.41958,4.0218,4.51742,4.55853
23-Jun-21,2.51989,4.00468,4.41913,4.45009
24-Jun-21,2.5296,4.00844,4.41442,4.44143
25-Jun-21,2.56155,4.12576,4.49154,4.51964
28-Jun-21,2.55459,4.06029,4.40012,4.43352
29-Jun-21,2.56247,4.06929,4.41115,4.44641
30-Jun-21,2.64791,4.07046,4.42493,4.48242
01-Jul-21,2.79791,4.15798,4.47577,4.52038
02-Jul-21,2.49093,4.00655,4.35708,4.38429
06-Jul-21,2.41254,3.91977,4.31135,4.35277
07-Jul-21,2.38244,3.94681,4.39527,4.48083
08-Jul-21,2.27576,3.9338,4.45046,4.55993
09-Jul-21,2.36242,3.97706,4.46124,4.57175
12-Jul-21,2.44497,3.97629,4.45767,4.55549
13-Jul-21,2.65221,4.07148,4.46235,4.55866
14-Jul-21,2.56382,4.00971,4.40545,4.49949
15-Jul-21,2.51438,4.01259,4.43081,4.52598
16-Jul-21,2.55203,4.03749,4.46825,4.56489
19-Jul-21,2.43,4.11393,4.6067,4.71169
20-Jul-21,2.33784,4.05621,4.6468,4.76093
21-Jul-21,2.3737,4.08185,4.62606,4.74066
22-Jul-21,2.38977,4.06472,4.60858,4.72281
23-Jul-21,2.38813,4.06907,4.64396,4.75993
26-Jul-21,2.38055,4.08196,4.70565,4.83818
27-Jul-21,2.38835,4.08981,4.70618,4.83257
28-Jul-21,2.29183,3.95969,4.59853,4.7017
29-Jul-21,2.26294,3.94057,4.58904,4.69133
30-Jul-21,2.2768,3.92631,4.59018,4.72312
02-Aug-21,2.18626,3.88255,4.58571,4.72251
03-Aug-21,2.17092,3.90222,4.62184,4.75516
04-Aug-21,2.25517,3.99079,4.67928,4.80444
05-Aug-21,2.35309,4.15233,4.7387,4.82664
06-Aug-21,2.47301,4.23561,4.75244,4.7887
09-Aug-21,2.50522,4.29461,4.83964,4.82164
10-Aug-21,2.53265,4.33232,4.85894,4.81124
11-Aug-21,2.49642,4.23153,4.74599,4.67931
12-Aug-21,2.47633,4.1328,4.63608,4.58552
13-Aug-21,2.424,4.06944,4.5948,4.55018
16-Aug-21,2.41809,4.0764,4.60341,4.56771
17-Aug-21,2.40251,4.07983,4.61575,4.57163
18-Aug-21,2.40646,4.06331,4.59828,4.55399
19-Aug-21,2.40793,4.07781,4.63604,4.57846
20-Aug-21,2.41574,4.0742,4.6336,4.58887
23-Aug-21,2.41346,4.06806,4.5744,4.52433
24-Aug-21,2.42562,4.08738,4.59688,4.53138
25-Aug-21,2.49144,4.14417,4.65131,4.57397
26-Aug-21,2.55575,4.13701,4.63861,4.56172
27-Aug-21,2.42359,3.99985,4.50163,4.40385
30-Aug-21,2.39316,3.99149,4.4969,4.39901
31-Aug-21,2.41519,4.00806,4.52407,4.41232
01-Sep-21,2.41366,4.00769,4.49279,4.38102
02-Sep-21,2.36298,3.97364,4.43687,4.33707
03-Sep-21,2.32861,3.91002,4.37566,4.26969
07-Sep-21,2.3569,3.9174,4.40348,4.28625
08-Sep-21,2.35019,3.89271,4.38812,4.2642
09-Sep-21,2.33614,3.8415,4.33316,4.21942
10-Sep-21,2.35374,3.84926,4.35095,4.24391
13-Sep-21,2.34931,3.83847,4.32938,4.23098
14-Sep-21,2.31606,3.77785,4.3044,4.19382
15-Sep-21,2.38408,3.84814,4.36477,4.25348
16-Sep-21,2.42621,3.8899,4.40615,4.29131
17-Sep-21,2.52003,3.97754,4.48268,4.35104
20-Sep-21,2.50393,3.981,4.49872,4.3805
21-Sep-21,2.53631,4.00504,4.47653,4.35147
22-Sep-21,2.62508,3.97277,4.40049,4.2749
23-Sep-21,2.81366,4.14746,4.54061,4.42226
24-Sep-21,2.83088,4.16169,4.59794,4.47833
27-Sep-21,2.87023,4.19314,4.61374,4.49409
28-Sep-21,2.84375,4.23761,4.70272,4.58602
29-Sep-21,2.76514,4.19355,4.67782,4.59114
30-Sep-21,2.74663,4.18019,4.68073,4.59419
01-Oct-21,2.61211,4.04889,4.62979,4.56015
04-Oct-21,2.60627,4.02375,4.60075,4.53743
05-Oct-21,2.65622,4.0686,4.64561,4.58238
06-Oct-21,2.61331,4.04009,4.60784,4.54441
07-Oct-21,2.66304,4.10557,4.64582,4.58244
08-Oct-21,2.66864,4.10013,4.65913,4.58161
12-Oct-21,2.75731,4.10704,4.63459,4.55815
13-Oct-21,2.87841,4.18934,4.60964,4.53864
14-Oct-21,2.84625,4.14416,4.57552,4.52074
15-Oct-21,3.07264,4.306,4.60038,4.53927
18-Oct-21,3.56311,4.56921,4.7477,4.61108
19-Oct-21,3.49583,4.53204,4.72798,4.62643
20-Oct-21,3.48773,4.49074,4.71277,4.63574
21-Oct-21,3.66708,4.57475,4.78869,4.69093
22-Oct-21,3.90844,4.7994,4.8507,4.75525
25-Oct-21,3.87107,4.6495,4.71845,4.6344
26-Oct-21,3.93902,4.64218,4.71152,4.63656
27-Oct-21,4.27446,4.72179,4.75875,4.71348
28-Oct-21,4.63458,4.79267,4.76928,4.72893
29-Oct-21,4.97165,4.99041,4.85771,4.86676
01-Nov-21,4.95678,5.03841,4.88076,4.88335
02-Nov-21,4.43102,4.76565,4.74197,4.73719
03-Nov-21,4.31503,4.70323,4.6885,4.70332
04-Nov-21,3.9605,4.4649,4.56198,4.56446
05-Nov-21,4.03549,4.53984,4.67618,4.6978
08-Nov-21,4.16943,4.63442,4.72795,4.75689
09-Nov-21,4.2604,4.71352,4.79748,4.82261
10-Nov-21,4.68562,5.01652,4.96347,4.97669
12-Nov-21,4.91782,5.18018,5.1272,5.14348
15-Nov-21,5.02872,5.25977,5.21462,5.23109
16-Nov-21,4.94362,5.18919,5.17969,5.19914
17-Nov-21,4.73073,5.04641,5.04471,5.04831
18-Nov-21,4.68448,4.99246,4.97528,4.92346
19-Nov-21,4.66548,5.00042,4.97319,4.90325
22-Nov-21,4.88335,5.10249,5.02338,4.95472
23-Nov-21,4.93261,5.16993,5.09044,5.02158
24-Nov-21,4.99268,5.2287,5.12393,5.0563
26-Nov-21,5.11979,5.4376,5.29415,5.18218
29-Nov-21,4.9637,5.27672,5.19272,5.0928
30-Nov-21,5.09613,5.34212,5.24171,5.1417
01-Dec-21,5.08774,5.37095,5.20728,5.10767
02-Dec-21,5.26196,5.47146,5.2849,5.18438
03-Dec-21,5.27128,5.49662,5.31012,5.20916
06-Dec-21,5.30359,5.47324,5.288,5.17722
07-Dec-21,5.31508,5.44123,5.24702,5.13574
08-Dec-21,5.12711,5.26082,5.07724,4.98147
09-Dec-21,5.10703,5.23314,5.0413,4.9257
10-Dec-21,4.9788,5.01671,4.91298,4.78428
13-Dec-21,4.8291,4.95148,4.87875,4.73448
14-Dec-21,4.89314,5.01741,4.92382,4.77931
15-Dec-21,4.86329,4.92672,4.8276,4.70004
16-Dec-21,4.64224,4.82132,4.79947,4.67022
17-Dec-21,4.65412,4.87439,4.85559,4.74208
20-Dec-21,4.66297,4.88266,4.8655,4.7535
21-Dec-21,4.78487,4.99284,4.94781,4.83617
22-Dec-21,4.79398,4.95423,4.90978,4.79797
23-Dec-21,4.8043,4.96517,4.92041,4.80841
24-Dec-21,N/A,N/A,N/A,N/A
27-Dec-21,4.75684,4.90547,4.87512,4.76505
28-Dec-21,4.71017,4.85612,4.82379,4.712
29-Dec-21,4.7864,4.93193,4.89927,4.78794
30-Dec-21,4.78552,4.92954,4.89649,4.78489
31-Dec-21,4.79542,4.94005,4.89047,4.75135
03-Jan-22,4.90512,5.03147,4.97213,4.83496
04-Jan-22,4.73205,4.98871,4.94324,4.79371
05-Jan-22,4.69202,4.97515,4.94016,4.79093
06-Jan-22,4.64701,4.98679,4.97632,4.82743
07-Jan-22,4.62121,4.94413,4.97203,4.82326
10-Jan-22,4.60169,4.91201,4.94531,4.79786
11-Jan-22,4.66393,4.93709,4.96939,4.82421
12-Jan-22,4.62688,4.90024,4.93754,4.79873
13-Jan-22,4.59198,4.87119,4.90602,4.76315
14-Jan-22,4.67277,4.93438,4.9697,4.82717
18-Jan-22,4.78916,5.03947,5.02695,4.8869
19-Jan-22,4.83061,5.05876,5.03571,4.89526
20-Jan-22,4.85536,5.12486,5.05239,4.9118
21-Jan-22,4.88583,5.16069,5.07439,4.929
24-Jan-22,4.9103,5.17773,5.08344,4.93801
25-Jan-22,4.90382,5.18604,5.08494,4.90797
26-Jan-22,4.80488,5.14799,5.04049,4.82543
27-Jan-22,5.15077,5.19906,5.03693,4.82263
28-Jan-22,5.31201,5.3087,5.12846,4.90487
31-Jan-22,5.50419,5.33766,5.13225,4.85264
01-Feb-22,5.46582,5.32319,5.12339,4.82152
02-Feb-22,5.37157,5.30734,5.08773,4.80214
03-Feb-22,5.48706,5.34406,5.10747,4.81487
04-Feb-22,5.77925,5.52899,5.19017,4.85731
07-Feb-22,5.84622,5.5494,5.20922,4.87617
08-Feb-22,5.91836,5.61896,5.26658,4.94265
09-Feb-22,5.89983,5.59578,5.24475,4.92124
10-Feb-22,6.4084,5.84761,5.48012,5.12326
11-Feb-22,6.6062,6.04691,5.62694,5.2711
14-Feb-22,6.93994,6.28911,5.81543,5.40038
15-Feb-22,6.76653,6.15313,5.66255,5.26758
16-Feb-22,6.50895,6.00648,5.58521,5.19226
17-Feb-22,6.49045,5.99895,5.60266,5.24458
18-Feb-22,6.48293,5.99959,5.59489,5.23688
22-Feb-22,6.45484,5.98557,5.57537,5.19738
23-Feb-22,6.44895,5.97161,5.5615,5.18376
24-Feb-22,6.49156,6.05296,5.64187,5.26392
25-Feb-22,6.50665,5.95628,5.5504,5.17308
28-Feb-22,6.556,6.04446,5.63321,5.23249
01-Mar-22,6.72556,6.27828,5.85664,5.41696
02-Mar-22,6.83929,6.27689,5.79274,5.26953
03-Mar-22,6.93953,6.38275,5.85849,5.19796
04-Mar-22,7.43564,6.70436,6.17395,5.41381
07-Mar-22,7.53084,6.78072,6.24851,5.47087
08-Mar-22,7.65513,6.84399,6.25059,5.45891
09-Mar-22,7.49018,6.51642,5.97014,5.19458
10-Mar-22,7.3848,6.47603,5.87038,5.11631
11-Mar-22,7.23708,6.42125,5.8183,5.0675
14-Mar-22,7.25321,6.43473,5.82333,5.07425
15-Mar-22,7.18891,6.47154,5.84357,5.11247
16-Mar-22,7.16713,6.42043,5.76228,5.09477
17-Mar-22,6.66254,6.15883,5.62613,4.96395
18-Mar-22,6.68926,6.18505,5.62254,4.98919
21-Mar-22,6.95263,6.47431,5.84045,5.2042
22-Mar-22,7.3567,6.76074,6.03474,5.41304
23-Mar-22,7.45083,6.85405,6.12713,5.50621
24-Mar-22,7.75522,7.17422,6.44118,5.77754
25-Mar-22,8.47773,7.89205,6.82642,6.04908
28-Mar-22,8.75695,8.12201,6.95115,6.17645
29-Mar-22,8.71507,8.03137,6.79503,6.01695
30-Mar-22,8.45033,7.85583,6.61526,5.85728
31-Mar-22,8.07652,7.53891,6.48903,5.69641
01-Apr-22,8.2871,7.62953,6.57528,5.81228
04-Apr-22,8.06609,7.43889,6.42125,5.65195
05-Apr-22,8.26635,7.62215,6.60556,5.81797
06-Apr-22,8.29781,7.73505,6.82326,6.04331
07-Apr-22,7.97784,7.76134,7.07162,6.35752
08-Apr-22,7.96094,7.82757,7.17845,6.53556
11-Apr-22,7.95836,7.89814,7.28392,6.72586
12-Apr-22,7.51563,7.44938,6.88225,6.36433
13-Apr-22,7.49054,7.23734,6.72041,6.19208
14-Apr-22,7.69075,7.30511,6.78345,6.24509
18-Apr-22,7.68996,7.30351,6.78136,6.24394
19-Apr-22,7.90582,7.44676,6.79633,6.22673
20-Apr-22,8.09001,7.55061,6.80099,6.21494
21-Apr-22,8.53382,7.93371,7.04103,6.37922
22-Apr-22,8.7701,8.06078,7.1042,6.37806
25-Apr-22,8.72737,7.98542,7.01912,6.29157
26-Apr-22,8.68899,7.88303,6.95034,6.15018
27-Apr-22,8.76173,8.00761,7.04792,6.28092
28-Apr-22,8.99808,8.22385,7.23246,6.27256
29-Apr-22,9.11827,8.25972,7.25225,6.29324
02-May-22,9.09778,8.34857,7.30867,6.35239
03-May-22,8.93933,8.31497,7.28453,6.30845
04-May-22,8.4792,7.98071,7.019,6.01601
05-May-22,8.363,8.05749,7.18716,6.22187
06-May-22,8.26174,8.14463,7.32046,6.37266
09-May-22,8.28902,8.12138,7.38701,6.43906
10-May-22,8.39461,8.20824,7.43559,6.47765
11-May-22,8.23541,7.99066,7.21597,6.24281
12-May-22,8.19557,8.0052,7.26069,6.28558
13-May-22,8.26633,7.92604,7.21469,6.23977
16-May-22,8.0244,7.59473,6.99323,6.03273
17-May-22,8.09757,7.63126,6.98639,6.02282
18-May-22,8.12616,7.57578,6.97353,5.98961
19-May-22,8.08399,7.53713,6.90044,5.915
20-May-22,8.00997,7.44553,6.81834,5.87418
23-May-22,7.91573,7.28428,6.63378,5.68997
24-May-22,7.92273,7.21893,6.51878,5.61768
25-May-22,7.77796,7.06119,6.36764,5.48171
26-May-22,7.72556,7.00631,6.36178,5.66324
27-May-22,7.57015,6.8655,6.2164,5.52844
31-May-22,7.68549,7.00244,6.35527,5.71427
01-Jun-22,7.84261,7.18869,6.44357,5.7882
02-Jun-22,7.82401,7.06407,6.31441,5.67668
03-Jun-22,7.72686,6.98186,6.25629,5.62069
06-Jun-22,7.82293,7.1143,6.39043,5.75534
07-Jun-22,7.84474,7.15064,6.42607,5.79038
08-Jun-22,7.91008,7.19063,6.46554,5.82188
09-Jun-22,8.04047,7.30605,6.5489,5.90596
10-Jun-22,8.65045,7.91869,7.02237,6.33579
13-Jun-22,9.86234,9.0986,7.88867,7.20401
14-Jun-22,10.09487,9.16237,7.87251,7.07253
15-Jun-22,9.84723,8.83079,7.5393,6.70068
16-Jun-22,10.06327,9.0902,7.79733,6.95664
17-Jun-22,10.14134,9.07838,7.7856,6.93762
21-Jun-22,10.10297,8.94462,7.70604,6.80751
22-Jun-22,9.76354,8.5462,7.39325,6.51944
23-Jun-22,9.65899,8.43614,7.31944,6.41946
24-Jun-22,9.74039,8.52071,7.3538,6.44554
27-Jun-22,9.93111,8.62895,7.42763,6.4915
28-Jun-22,9.87637,8.543,7.29436,6.35841
29-Jun-22,9.52472,8.25978,7.12559,6.19659
30-Jun-22,9.56192,8.27004,7.10601,6.1656
01-Jul-22,9.77739,8.47311,7.29561,6.3425
05-Jul-22,9.96668,8.75885,7.50419,6.55135
06-Jul-22,10.10868,8.80228,7.53464,6.58231
07-Jul-22,10.21692,8.90105,7.5763,6.62739
08-Jul-22,10.1799,8.8375,7.51708,6.55518
11-Jul-22,10.04405,8.7194,7.41148,6.43077
12-Jul-22,10.09182,8.73259,7.42503,6.41989
13-Jul-22,10.03836,8.58061,7.27455,6.24493
14-Jul-22,10.0534,8.57337,7.26873,6.18332
15-Jul-22,9.64812,8.29344,7.05045,5.93601
18-Jul-22,9.56961,8.2617,6.99899,5.8742
19-Jul-22,9.56977,8.27223,7.0064,5.89758
20-Jul-22,9.59045,8.25582,7.05407,5.95754
21-Jul-22,9.58952,8.25333,7.065,5.97604
22-Jul-22,9.62726,8.32051,7.12785,6.03209
25-Jul-22,9.52917,8.33145,7.14284,6.04131
26-Jul-22,9.40006,8.22202,7.04634,5.97118
27-Jul-22,8.84046,7.9265,6.79839,5.79812
28-Jul-22,8.80335,7.88689,6.75532,5.7504
29-Jul-22,8.70824,7.7343,6.60561,5.65116
01-Aug-22,8.66947,7.66202,6.553,5.63226
02-Aug-22,9.32355,8.12724,6.93758,6.08289
03-Aug-22,9.53289,8.21142,6.96468,6.10786
04-Aug-22,9.42031,8.14934,6.90112,6.02542
05-Aug-22,9.60624,8.28916,7.01149,6.10346
08-Aug-22,9.53149,8.25285,6.97949,6.07066
09-Aug-22,9.72,8.35773,7.01687,6.10852
10-Aug-22,9.14417,7.99088,6.77615,5.85439
11-Aug-22,8.8871,7.78574,6.6578,5.77735
12-Aug-22,8.66011,7.6641,6.5913,5.71369
15-Aug-22,8.51225,7.54638,6.51024,5.58602
16-Aug-22,8.62513,7.64462,6.60971,5.68727
17-Aug-22,8.93276,7.87675,6.83861,5.91929
18-Aug-22,9.03645,7.98015,6.93537,5.99124
19-Aug-22,9.19677,8.20108,7.18862,6.21602
22-Aug-22,9.48708,8.50907,7.4066,6.35038
23-Aug-22,9.38358,8.45301,7.3776,6.27683
24-Aug-22,9.42876,8.56579,7.6115,6.43551
25-Aug-22,9.09549,8.36416,7.42738,6.2527
26-Aug-22,8.8679,8.22111,7.28584,6.10017
29-Aug-22,8.75367,8.33989,7.41674,6.21299
30-Aug-22,8.78278,8.46975,7.5302,6.26835
31-Aug-22,8.68662,8.443,7.54131,6.25961
01-Sep-22,8.70048,8.47495,7.72287,6.4954
02-Sep-22,8.38586,8.19354,7.63892,6.42083
06-Sep-22,8.72123,8.51549,7.89788,6.60047
07-Sep-22,8.59372,8.38242,7.74525,6.40877
08-Sep-22,8.41388,8.2991,7.73284,6.42048
09-Sep-22,8.39004,8.27572,7.72344,6.41963
12-Sep-22,8.22937,8.12352,7.6792,6.43703
13-Sep-22,8.63354,8.40627,7.85559,6.58621
14-Sep-22,8.82281,8.38518,7.80002,6.44052
15-Sep-22,9.05093,8.49794,7.94692,6.45485
16-Sep-22,9.22072,8.57869,8.03002,6.64158
19-Sep-22,9.30139,8.65296,8.10607,6.69169
20-Sep-22,9.31923,8.68018,8.14545,6.76407
21-Sep-22,9.01581,8.37606,7.85404,6.46245
22-Sep-22,9.19261,8.5741,7.99036,6.64746
23-Sep-22,9.81725,9.05618,8.25858,6.90373
26-Sep-22,10.40733,9.69439,8.77449,7.29175
27-Sep-22,10.67113,9.9599,8.94333,7.45094
28-Sep-22,10.77576,9.91647,8.81817,7.31979
29-Sep-22,10.66112,9.74691,8.63372,7.0696
30-Sep-22,10.46172,9.5634,8.45265,6.87721
03-Oct-22,10.486,9.53418,8.38269,6.82277
04-Oct-22,10.25837,9.32567,8.18827,6.64569
05-Oct-22,10.30862,9.51315,8.37257,6.77286
06-Oct-22,10.25697,9.52944,8.42612,6.79898
07-Oct-22,10.21876,9.54478,8.43026,6.74022
11-Oct-22,10.24259,9.67821,8.63313,6.89544
12-Oct-22,10.29634,9.80553,8.87523,7.14888
13-Oct-22,10.25812,9.80513,8.86742,7.10888
14-Oct-22,10.22167,9.82953,8.87232,7.12068
17-Oct-22,10.07916,9.68781,8.74389,6.99845
18-Oct-22,9.91588,9.55341,8.64155,6.92509
19-Oct-22,10.07564,9.71602,8.83891,7.1795
20-Oct-22,10.3643,9.98856,9.19791,7.67058
21-Oct-22,10.12586,9.90477,9.29188,8.14247
24-Oct-22,9.9689,9.84499,9.2436,8.1816
25-Oct-22,9.58865,9.51482,8.96838,7.90899
26-Oct-22,9.30568,9.23193,8.68763,7.57753
27-Oct-22,9.13974,9.1048,8.56227,7.32584
28-Oct-22,9.22694,9.20401,8.65998,7.40428
31-Oct-22,9.25837,9.27586,8.69827,7.26446
01-Nov-22,9.2142,9.24828,8.6548,7.28434
02-Nov-22,8.9508,8.99735,8.42211,7.10021
03-Nov-22,9.02412,9.09267,8.52518,7.27811
04-Nov-22,8.82447,8.86605,8.36541,7.20212
07-Nov-22,8.6906,8.75375,8.26906,7.1155
08-Nov-22,8.52572,8.58767,8.1014,6.94448
09-Nov-22,8.50584,8.56397,8.0747,6.96698
10-Nov-22,8.14171,8.20871,7.74558,6.66983
14-Nov-22,8.31201,8.19299,7.69047,6.63464
15-Nov-22,8.50466,8.33516,7.69361,6.61651
16-Nov-22,8.61307,8.36942,7.69623,6.58377
17-Nov-22,8.82234,8.56291,7.87294,6.68578
18-Nov-22,8.92224,8.66364,7.97419,6.78991
21-Nov-22,9.01934,8.72743,8.00478,6.82645
22-Nov-22,9.25336,8.867,8.03986,6.82838
23-Nov-22,9.39644,8.94547,8.11804,6.86164
25-Nov-22,9.4524,8.98494,8.15968,6.90236
28-Nov-22,9.45453,8.97119,8.14669,6.89212
29-Nov-22,9.35234,8.90191,8.10935,6.85747
30-Nov-22,9.18995,8.74335,7.94118,6.70855
01-Dec-22,8.99511,8.55214,7.83086,6.6219
02-Dec-22,9.06482,8.62079,7.89598,6.5949
05-Dec-22,9.21766,8.77843,8.05865,6.75981
06-Dec-22,9.2769,8.83677,8.11642,6.8177
07-Dec-22,9.47599,9.05147,8.21765,6.89093
08-Dec-22,9.3634,8.99621,8.25704,6.93274
09-Dec-22,9.38609,9.0194,8.282,6.96138
12-Dec-22,9.43907,9.07538,8.35481,7.13855
13-Dec-22,8.91126,8.78356,8.12378,6.93466
14-Dec-22,8.36507,8.2171,7.58087,6.49891
15-Dec-22,8.14554,8.02152,7.40857,6.32704
16-Dec-22,8.25043,8.12016,7.58861,6.59486
19-Dec-22,8.47575,8.2061,7.69925,6.70416
20-Dec-22,8.67882,8.41531,7.86963,6.87666
21-Dec-22,8.64282,8.40564,7.85729,6.86426
22-Dec-22,8.6446,8.34919,7.85615,6.8638
23-Dec-22,8.71295,8.42966,7.92629,6.95011
27-Dec-22,8.87801,8.59998,8.10038,7.1249
28-Dec-22,8.91982,8.64074,8.14122,7.16578
29-Dec-22,8.92586,8.64767,8.1473,7.17273
30-Dec-22,8.97269,8.72507,8.20483,7.20911
03-Jan-23,8.67413,8.4292,7.90835,6.91728
04-Jan-23,8.51087,8.27175,7.7635,6.77223
05-Jan-23,8.40785,8.14609,7.65978,6.66879
06-Jan-23,8.03088,7.79526,7.3094,6.17922
09-Jan-23,7.80869,7.58472,7.14938,6.01748
